42 2 7 C
68 9 13 C
35 6 21 C
1 5 21 U
70 7 25 C
25 6 26 U
79 8 29 I
35 9 32 I
59 3 40 U
63 5 46 R
65 6 55 R
6 5 60 U
46 5 69 E
82 1 76 U
28 2 80 I
62 3 89 C
92 8 89 R
96 6 98 I
43 6 106 E
62 7 115 I
37 2 115 C
5 4 115 I
3 6 120 E
54 7 124 C
93 1 128 U
59 2 135 I
83 7 142 R
22 1 142 I
17 4 146 R
19 1 155 C
48 3 160 U
96 4 165 E
27 1 169 R
72 4 169 U
39 4 171 E
13 1 177 I
100 3 186 C
36 7 187 I
35 9 191 U
95 2 200 C
92 6 204 R
4 5 206 I
12 8 207 U
23 7 207 C
34 9 214 U
74 8 215 C
69 2 220 R
96 8 224 U
45 4 231 U
62 6 238 U
58 3 244 I
38 9 247 U
60 3 250 E
24 5 251 I
30 3 251 I
91 4 253 C
89 6 258 R
7 7 263 U
41 5 265 U
41 7 268 I
49 7 270 I
47 7 272 U
71 3 274 C
51 8 276 I
2 9 284 C
94 7 293 I
60 7 293 C
85 2 301 I
25 7 308 U
91 6 315 U
68 1 318 C
91 3 319 E
58 9 324 I
93 1 329 E
100 8 329 E
55 2 331 C
42 4 336 I
57 2 342 E
59 9 348 R
95 9 355 C
67 7 356 U
6 4 364 I
77 3 366 U
62 6 369 C
24 2 377 U
32 1 381 C
34 9 384 R
5 2 386 I
9 5 386 I
32 4 395 E
40 4 402 C
16 5 404 R
31 3 406 U
78 3 414 U
87 6 419 C
73 6 420 E
2 8 427 U
47 2 429 C
98 3 435 U
56 6 442 E
96 4 451 E
59 5 451 R
75 2 460 E
6 8 460 E
85 4 467 R
73 1 474 I
43 7 481 R
53 9 484 C
8 4 489 I
88 2 494 C
17 3 495 I
92 1 502 I
84 6 502 R
98 6 503 C
73 1 512 E
46 1 517 R
10 7 525 C
48 9 532 U
58 1 539 I
14 4 548 I
63 9 551 C
11 4 551 E
3 2 552 I
4 3 555 R
48 4 557 I
78 7 563 U
88 6 567 E
31 4 567 C
17 4 569 I
82 9 570 R
75 2 578 U
49 9 578 C
83 2 579 E
21 3 581 C
97 2 583 C
30 2 585 I
58 3 588 U
6 2 588 C
85 9 588 C
29 4 588 U
8 4 590 C
22 3 598 C
63 4 600 I
18 1 603 C
22 5 603 E
15 1 609 I
36 2 615 C
79 3 623 R
6 3 625 C
93 2 628 R
17 7 629 R
17 9 633 R
59 9 634 C
30 7 640 U
30 6 645 C
24 3 647 R
68 2 649 I
27 9 649 R
52 1 650 R
50 9 659 I
16 9 662 E
42 9 671 I
2 5 675 I
25 8 683 E
78 9 685 U
36 6 692 U
40 2 692 E
48 8 699 U
36 9 706 C
21 3 710 R
40 7 713 C
65 8 719 C
4 5 724 C
91 1 733 C
42 4 739 R
63 2 744 U
13 9 750 I
25 9 755 I
6 5 758 I
93 4 766 R
18 3 773 C
17 1 780 I
24 1 780 C
7 6 786 R
19 6 786 R
23 9 792 E
20 5 794 I
69 6 802 R
59 8 809 U
49 9 810 U
25 7 813 I
21 3 821 C
6 5 825 E
100 1 830 R
48 3 833 I
73 8 837 I
79 8 846 C
21 2 849 U
99 4 855 C
46 4 862 C
84 2 867 U
4 5 868 E
7 5 876 I
97 9 879 R
35 6 883 U
62 7 886 U
99 1 895 I
95 9 902 C
7 5 911 C
87 1 912 R
52 2 912 U
91 1 917 I
63 5 918 I
85 5 918 C
90 6 919 C
86 2 921 C
44 7 928 U
17 6 930 I
47 4 934 U
83 7 940 E
68 8 945 I
35 4 951 R
39 3 960 C
23 8 960 I
29 3 961 U
5 1 970 R
65 4 973 C
48 1 977 C
12 4 980 U
8 8 987 E
94 2 988 R
47 6 997 E
72 2 1006 R
95 3 1007 I
7 4 1013 R
81 7 1017 C
51 7 1017 E
59 3 1023 E
89 7 1024 C
48 1 1026 U
87 9 1033 C
35 4 1034 C
30 6 1043 I
90 5 1051 E
83 8 1052 R
15 1 1055 I
18 2 1059 R
9 1 1060 U
10 3 1063 C
83 9 1068 C
35 8 1076 I
78 3 1078 E
27 6 1086 I
49 6 1094 R
80 8 1098 E
6 8 1105 C
98 5 1106 E
76 4 1110 I
86 3 1119 U
75 3 1124 C
8 2 1131 E
73 7 1137 C
73 3 1141 R
93 2 1143 C
2 2 1143 I
29 4 1147 U
56 8 1151 R
89 3 1154 C
94 4 1159 E
22 1 1165 R
38 1 1174 E
91 1 1183 C
76 4 1184 R
63 5 1184 I
42 2 1193 R
